12470 5530.0 4138.0
7052 3009.0 3443.0
6361 2678.0 3242.0
10127 4327.0 1278.0
729 275.0 1970.0
9465 4061.0 4837.0
3704 1351.0 5091.0
12176 5387.0 5489.0
12698 5583.0 3019.0
9468 4062.0 3488.0
3152 1070.0 17.0
10900 4756.0 1563.0
11493 5050.0 1627.0
6427 2709.0 2713.0
2399 666.0 644.0
12184 5391.0 1998.0
8791 3764.0 1728.0
590 210.0 3732.0
7914 3378.0 902.0
7448 3183.0 4089.0
12353 5486.0 289.0
10018 4292.0 4291.0
2923 949.0 5477.0
6598 2814.0 4730.0
9038 3877.0 5215.0
2572 757.0 5.0
7002 2983.0 2812.0
11748 5156.0 3222.0
4223 1636.0 5044.0
3624 1307.0 5047.0
8949 3835.0 2347.0
4200 1623.0 1873.0
7095 3034.0 1629.0
5510 2267.0 2803.0
3894 1475.0 5408.0
