9546 4094.0 1920.0
12470 5530.0 1965.0
6590 2812.0 1077.0
4991 2011.0 1371.0
11946 5261.0 292.0
6361 2678.0 2172.0
11930 5256.0 4604.0
11909 5243.0 3123.0
652 245.0 197.0
10127 4327.0 1131.0
729 275.0 1970.0
2226 614.0 2099.0
5797 2404.0 179.0
12401 5505.0 2311.0
9465 4061.0 1170.0
12727 5597.0 1843.0
4966 1992.0 1717.0
10462 4492.0 1545.0
3797 1423.0 1086.0
8150 3499.0 2022.0
2903 931.0 3858.0
3704 1351.0 4243.0
12176 5387.0 2348.0
12698 5583.0 282.0
9468 4062.0 3488.0
3152 1070.0 17.0
10900 4756.0 1563.0
5783 2396.0 2217.0
151 58.0 4493.0
6427 2709.0 1560.0
9793 4228.0 2341.0
7895 3364.0 5047.0
2399 666.0 644.0
9271 3986.0 2522.0
12184 5391.0 1998.0
9091 3907.0 3580.0
7331 3124.0 2261.0
10690 4615.0 3217.0
11241 4892.0 3681.0
590 210.0 1759.0
11396 4994.0 2071.0
6386 2692.0 3537.0
7914 3378.0 2416.0
6039 2533.0 2638.0
12353 5486.0 289.0
10018 4292.0 2754.0
2923 949.0 3915.0
6598 2814.0 2847.0
2353 655.0 3529.0
2572 757.0 237.0
2169 585.0 5655.0
7002 2983.0 2812.0
2031 519.0 2930.0
5370 2205.0 1560.0
11748 5156.0 25.0
3624 1307.0 3079.0
8949 3835.0 2347.0
4200 1623.0 131.0
7095 3034.0 1629.0
8124 3483.0 1844.0
12025 5304.0 2256.0
3894 1475.0 2446.0
11773 5161.0 5063.0
